25 5 13
17 0 24 -1 -1 14 20 2 16 17 -1 -1 -1 -1 3 7 -1 18 22 -1 13 -1 17 10 -1
11 8 -1 16 3 22 12 -1 -1 23 -1 3 10 17 -1 15 14 21 -1 4 0 -1 -1 -1 4
9 6 16 6 19 -1 23 13 7 -1 8 14 -1 -1 -1 -1 23 -1 20 22 -1 -1 23 -1 -1
15 11 17 -1 6 0 16 16 7 7 -1 12 -1 -1 9 8 13 21 5 -1 0 12 10 24 23
-1 16 0 11 20 -1 -1 -1 -1 -1 6 -1 24 -1 0 2 3 23 7 -1 -1 13 9 10 -1
24 6 3 8 -1 14 20 18 -1 12 3 0 -1 -1 -1 23 14 9 22 -1 17 4 7 16 -1
6 -1 9 5 -1 12 0 19 -1 -1 -1 23 1 24 1 14 12 10 -1 11 -1 -1 -1 -1 2
7 13 17 -1 7 4 14 4 17 5 24 12 10 3 23 21 4 12 -1 18 22 11 13 5 -1
-1 16 11 13 10 12 7 13 -1 8 -1 6 21 4 10 23 19 17 -1 -1 4 20 -1 13 22
18 5 -1 2 2 14 -1 -1 22 8 12 18 23 13 17 2 13 2 2 -1 24 22 6 7 -1
0 17 22 14 12 13 20 10 11 21 10 15 20 -1 0 19 2 16 18 9 14 2 12 1 7
15 -1 18 -1 -1 -1 11 -1 2 0 4 23 2 23 12 20 14 2 5 11 -1 -1 3 15 13
15 12 0 8 15 2 -1 -1 3 7 2 13 1 10 -1 -1 -1 15 4 6 -1 23 6 1 -1
-1 12 -1 11 22 12 -1 -1 16 -1 -1 15 7 -1 3 -1 9 -1 7 7 7 11 17 -1 13
-1 4 16 -1 -1 21 1 5 0 4 -1 9 9 -1 1 12 -1 0 16 5 12 2 -1 2 21
15 0 18 17 12 19 15 10 22 -1 20 -1 -1 -1 19 10 17 -1 6 -1 0 17 -1 6 2
16 15 -1 1 15 13 24 -1 9 -1 2 0 -1 -1 12 -1 -1 21 6 10 14 -1 17 13 4 
-1 0 0 -1 -1 23 -1 -1 21 13 20 21 -1 12 10 19 -1 -1 8 20 23 -1 2 20 -1
-1 -1 2 19 15 18 -1 -1 -1 9 -1 -1 13 8 21 -1 13 15 18 20 17 -1 10 -1 13
4 23 -1 7 19 -1 1 0 -1 24 9 14 0 -1 21 -1 1 23 -1 5 12 18 11 -1 14
-1 -1 11 7 15 -1 16 -1 12 15 -1 9 -1 -1 2 12 -1 -1 9 6 24 13 3 5 -1
0 11 -1 1 -1 2 -1 23 3 20 23 -1 3 -1 -1 21 -1 -1 4 10 23 -1 13 10 -1
-1 11 18 -1 -1 19 0 -1 17 -1 -1 -1 -1 -1 13 4 10 24 15 16 4 23 -1 2 -1
14 8 15 13 9 0 10 21 17 20 0 4 -1 -1 -1 11 16 -1 -1 4 21 1 -1 1 12
-1 15 21 21 9 -1 23 -1 20 23 -1 -1 18 7 6 11 14 9 -1 18 2 20 23 -1 6